(0) 1 2 3 5 6
(0) 
(0) 1 2   5 6  
(0) 1   3 5 6
(0)   2 3 5 6
(0)   2   5 6
(0)     3 5 6


1 2 3 4  5  6
0 1 2 3  4  5
-------------
1 2 4 8 16 32
1 2 4 7 13 24
0 0 0 1  3  9
      1  2  6
  1 2 3  6 11    2^3-2^0 2^4-2^1-2^0 2^5-2^2

(0) 1 2 3 4 5 -> (0).1 2 3 4 5 -> (0) 1.2 3 4 5 -> (0) 1 2.3 4 5 -> (0) 1 2 3.4 5 -> (0) 1 2 3.4 5 6 +2
                                                                                  -> (0) 1 2 3.4   6 +2
                                                                 -> (0) 1 2 3.  5 -> (0) 1 2 3.  5 6 +2
                                                                                  -> (0) 1 2 3.    6 +1
                                                -> (0) 1 2.  4 5 -> (0) 1 2  .4 5 -> (0) 1 2  .4 5 6 +2
                                                                                  -> (0) 1 2  .4   6 +2
                                                                 -> (0) 1 2  .  5 -> (0) 1 2  .  5 6 +2
                                                                                  -> (0) 1 2 x.x x 6
                               -> (0) 1.  3 4 5 -> (0) 1  .3 4 5 -> (0) 1   3.4 5 -> (0) 1   3.4 5 6 +2
                                                                                  -> (0) 1   3.4   6 +2
                                                                 -> (0) 1   3.  5 -> (0) 1   3.  5 6 +2
                                                                                  -> (0) 1   3.    6 +2
                                                -> (0) 1  .  4 5 -> (0) 1    .4 5 -> (0) 1    .4 5 6 +2
                                                                                  -> (0) 1    .4   6 +2
                                                                 -> (0) 1 x x.x 5  0
                                                                                   0 
              -> (0).  2 3 4 5 -> (0)  .2 3 4 5 -> (0)   2.3 4 5 -> (0)   2 3.4 5 -> (0)   2 3.4 5 6 +2
                                                                                  -> (0)   2 3.4   6 +2
                                                                 -> (0)   2 3.  5 -> (0)   2 3.  5 6 +2
                                                                                  -> (0)   2 3.    6 +1
                                                -> (0)   2.  4 5 -> (0)   2  .4 5 -> (0)   2  .4 5 6 +2
                                                                                  -> (0)   2  .4   6 +2
                                                                 -> (0)   2  .  5 -> (0)   2  .  5 6 +2
                                                                                  -> (0)   2 x.x x 6
                               -> (0)  .  3 4 5 -> (0)    .3 4 5 -> (0)     3.4 5 -> (0)     3.4 5 6 +2
                                                                                  -> (0)     3.4   6 +2
                                                                 -> (0)     3.  5 -> (0)     3.  5 6 +2
                                                                                  -> (0)     3.    6 +1
                                                -> (0)xxxxxxx4 5
                               
              
(0)   2 3

(0)     3